18 18
Starlink-550 0
1 00001U 00000ABC 00001.00000000  .00000000  00000-0  00000+0 0    04
2 00001  60.0000   0.0000 0000001   0.0000   0.0000 15.19000000    06
Starlink-550 1
1 00002U 00000ABC 00001.00000000  .00000000  00000-0  00000+0 0    05
2 00002  60.0000   0.0000 0000001   0.0000  20.0000 15.19000000    09
Starlink-550 2
1 00003U 00000ABC 00001.00000000  .00000000  00000-0  00000+0 0    06
2 00003  60.0000   0.0000 0000001   0.0000  40.0000 15.19000000    02
Starlink-550 3
1 00004U 00000ABC 00001.00000000  .00000000  00000-0  00000+0 0    07
2 00004  60.0000   0.0000 0000001   0.0000  60.0000 15.19000000    05
Starlink-550 4
1 00005U 00000ABC 00001.00000000  .00000000  00000-0  00000+0 0    08
2 00005  60.0000   0.0000 0000001   0.0000  80.0000 15.19000000    08
Starlink-550 5
1 00006U 00000ABC 00001.00000000  .00000000  00000-0  00000+0 0    09
2 00006  60.0000   0.0000 0000001   0.0000 100.0000 15.19000000    02
Starlink-550 6
1 00007U 00000ABC 00001.00000000  .00000000  00000-0  00000+0 0    00
2 00007  60.0000   0.0000 0000001   0.0000 120.0000 15.19000000    05
Starlink-550 7
1 00008U 00000ABC 00001.00000000  .00000000  00000-0  00000+0 0    01
2 00008  60.0000   0.0000 0000001   0.0000 140.0000 15.19000000    08
Starlink-550 8
1 00009U 00000ABC 00001.00000000  .00000000  00000-0  00000+0 0    02
2 00009  60.0000   0.0000 0000001   0.0000 160.0000 15.19000000    01
Starlink-550 9
1 00010U 00000ABC 00001.00000000  .00000000  00000-0  00000+0 0    04
2 00010  60.0000   0.0000 0000001   0.0000 180.0000 15.19000000    05
Starlink-550 10
1 00011U 00000ABC 00001.00000000  .00000000  00000-0  00000+0 0    05
2 00011  60.0000   0.0000 0000001   0.0000 200.0000 15.19000000    09
Starlink-550 11
1 00012U 00000ABC 00001.00000000  .00000000  00000-0  00000+0 0    06
2 00012  60.0000   0.0000 0000001   0.0000 220.0000 15.19000000    02
Starlink-550 12
1 00013U 00000ABC 00001.00000000  .00000000  00000-0  00000+0 0    07
2 00013  60.0000   0.0000 0000001   0.0000 240.0000 15.19000000    05
Starlink-550 13
1 00014U 00000ABC 00001.00000000  .00000000  00000-0  00000+0 0    08
2 00014  60.0000   0.0000 0000001   0.0000 260.0000 15.19000000    08
Starlink-550 14
1 00015U 00000ABC 00001.00000000  .00000000  00000-0  00000+0 0    09
2 00015  60.0000   0.0000 0000001   0.0000 280.0000 15.19000000    01
Starlink-550 15
1 00016U 00000ABC 00001.00000000  .00000000  00000-0  00000+0 0    00
2 00016  60.0000   0.0000 0000001   0.0000 300.0000 15.19000000    05
Starlink-550 16
1 00017U 00000ABC 00001.00000000  .00000000  00000-0  00000+0 0    01
2 00017  60.0000   0.0000 0000001   0.0000 320.0000 15.19000000    08
Starlink-550 17
1 00018U 00000ABC 00001.00000000  .00000000  00000-0  00000+0 0    02
2 00018  60.0000   0.0000 0000001   0.0000 340.0000 15.19000000    01
Starlink-550 18
1 00019U 00000ABC 00001.00000000  .00000000  00000-0  00000+0 0    03
2 00019  60.0000  20.0000 0000001   0.0000  10.0000 15.19000000    08
Starlink-550 19
1 00020U 00000ABC 00001.00000000  .00000000  00000-0  00000+0 0    05
2 00020  60.0000  20.0000 0000001   0.0000  30.0000 15.19000000    02
Starlink-550 20
1 00021U 00000ABC 00001.00000000  .00000000  00000-0  00000+0 0    06
2 00021  60.0000  20.0000 0000001   0.0000  50.0000 15.19000000    05
Starlink-550 21
1 00022U 00000ABC 00001.00000000  .00000000  00000-0  00000+0 0    07
2 00022  60.0000  20.0000 0000001   0.0000  70.0000 15.19000000    08
Starlink-550 22
1 00023U 00000ABC 00001.00000000  .00000000  00000-0  00000+0 0    08
2 00023  60.0000  20.0000 0000001   0.0000  90.0000 15.19000000    01
Starlink-550 23
1 00024U 00000ABC 00001.00000000  .00000000  00000-0  00000+0 0    09
2 00024  60.0000  20.0000 0000001   0.0000 110.0000 15.19000000    05
Starlink-550 24
1 00025U 00000ABC 00001.00000000  .00000000  00000-0  00000+0 0    00
2 00025  60.0000  20.0000 0000001   0.0000 130.0000 15.19000000    08
Starlink-550 25
1 00026U 00000ABC 00001.00000000  .00000000  00000-0  00000+0 0    01
2 00026  60.0000  20.0000 0000001   0.0000 150.0000 15.19000000    01
Starlink-550 26
1 00027U 00000ABC 00001.00000000  .00000000  00000-0  00000+0 0    02
2 00027  60.0000  20.0000 0000001   0.0000 170.0000 15.19000000    04
Starlink-550 27
1 00028U 00000ABC 00001.00000000  .00000000  00000-0  00000+0 0    03
2 00028  60.0000  20.0000 0000001   0.0000 190.0000 15.19000000    07
Starlink-550 28
1 00029U 00000ABC 00001.00000000  .00000000  00000-0  00000+0 0    04
2 00029  60.0000  20.0000 0000001   0.0000 210.0000 15.19000000    01
Starlink-550 29
1 00030U 00000ABC 00001.00000000  .00000000  00000-0  00000+0 0    06
2 00030  60.0000  20.0000 0000001   0.0000 230.0000 15.19000000    05
Starlink-550 30
1 00031U 00000ABC 00001.00000000  .00000000  00000-0  00000+0 0    07
2 00031  60.0000  20.0000 0000001   0.0000 250.0000 15.19000000    08
Starlink-550 31
1 00032U 00000ABC 00001.00000000  .00000000  00000-0  00000+0 0    08
2 00032  60.0000  20.0000 0000001   0.0000 270.0000 15.19000000    01
Starlink-550 32
1 00033U 00000ABC 00001.00000000  .00000000  00000-0  00000+0 0    09
2 00033  60.0000  20.0000 0000001   0.0000 290.0000 15.19000000    04
Starlink-550 33
1 00034U 00000ABC 00001.00000000  .00000000  00000-0  00000+0 0    00
2 00034  60.0000  20.0000 0000001   0.0000 310.0000 15.19000000    08
Starlink-550 34
1 00035U 00000ABC 00001.00000000  .00000000  00000-0  00000+0 0    01
2 00035  60.0000  20.0000 0000001   0.0000 330.0000 15.19000000    01
Starlink-550 35
1 00036U 00000ABC 00001.00000000  .00000000  00000-0  00000+0 0    02
2 00036  60.0000  20.0000 0000001   0.0000 350.0000 15.19000000    04
Starlink-550 36
1 00037U 00000ABC 00001.00000000  .00000000  00000-0  00000+0 0    03
2 00037  60.0000  40.0000 0000001   0.0000   0.0000 15.19000000    09
Starlink-550 37
1 00038U 00000ABC 00001.00000000  .00000000  00000-0  00000+0 0    04
2 00038  60.0000  40.0000 0000001   0.0000  20.0000 15.19000000    02
Starlink-550 38
1 00039U 00000ABC 00001.00000000  .00000000  00000-0  00000+0 0    05
2 00039  60.0000  40.0000 0000001   0.0000  40.0000 15.19000000    05
Starlink-550 39
1 00040U 00000ABC 00001.00000000  .00000000  00000-0  00000+0 0    07
2 00040  60.0000  40.0000 0000001   0.0000  60.0000 15.19000000    09
Starlink-550 40
1 00041U 00000ABC 00001.00000000  .00000000  00000-0  00000+0 0    08
2 00041  60.0000  40.0000 0000001   0.0000  80.0000 15.19000000    02
Starlink-550 41
1 00042U 00000ABC 00001.00000000  .00000000  00000-0  00000+0 0    09
2 00042  60.0000  40.0000 0000001   0.0000 100.0000 15.19000000    06
Starlink-550 42
1 00043U 00000ABC 00001.00000000  .00000000  00000-0  00000+0 0    00
2 00043  60.0000  40.0000 0000001   0.0000 120.0000 15.19000000    09
Starlink-550 43
1 00044U 00000ABC 00001.00000000  .00000000  00000-0  00000+0 0    01
2 00044  60.0000  40.0000 0000001   0.0000 140.0000 15.19000000    02
Starlink-550 44
1 00045U 00000ABC 00001.00000000  .00000000  00000-0  00000+0 0    02
2 00045  60.0000  40.0000 0000001   0.0000 160.0000 15.19000000    05
Starlink-550 45
1 00046U 00000ABC 00001.00000000  .00000000  00000-0  00000+0 0    03
2 00046  60.0000  40.0000 0000001   0.0000 180.0000 15.19000000    08
Starlink-550 46
1 00047U 00000ABC 00001.00000000  .00000000  00000-0  00000+0 0    04
2 00047  60.0000  40.0000 0000001   0.0000 200.0000 15.19000000    02
Starlink-550 47
1 00048U 00000ABC 00001.00000000  .00000000  00000-0  00000+0 0    05
2 00048  60.0000  40.0000 0000001   0.0000 220.0000 15.19000000    05
Starlink-550 48
1 00049U 00000ABC 00001.00000000  .00000000  00000-0  00000+0 0    06
2 00049  60.0000  40.0000 0000001   0.0000 240.0000 15.19000000    08
Starlink-550 49
1 00050U 00000ABC 00001.00000000  .00000000  00000-0  00000+0 0    08
2 00050  60.0000  40.0000 0000001   0.0000 260.0000 15.19000000    02
Starlink-550 50
1 00051U 00000ABC 00001.00000000  .00000000  00000-0  00000+0 0    09
2 00051  60.0000  40.0000 0000001   0.0000 280.0000 15.19000000    05
Starlink-550 51
1 00052U 00000ABC 00001.00000000  .00000000  00000-0  00000+0 0    00
2 00052  60.0000  40.0000 0000001   0.0000 300.0000 15.19000000    09
Starlink-550 52
1 00053U 00000ABC 00001.00000000  .00000000  00000-0  00000+0 0    01
2 00053  60.0000  40.0000 0000001   0.0000 320.0000 15.19000000    02
Starlink-550 53
1 00054U 00000ABC 00001.00000000  .00000000  00000-0  00000+0 0    02
2 00054  60.0000  40.0000 0000001   0.0000 340.0000 15.19000000    05
Starlink-550 54
1 00055U 00000ABC 00001.00000000  .00000000  00000-0  00000+0 0    03
2 00055  60.0000  60.0000 0000001   0.0000  10.0000 15.19000000    02
Starlink-550 55
1 00056U 00000ABC 00001.00000000  .00000000  00000-0  00000+0 0    04
2 00056  60.0000  60.0000 0000001   0.0000  30.0000 15.19000000    05
Starlink-550 56
1 00057U 00000ABC 00001.00000000  .00000000  00000-0  00000+0 0    05
2 00057  60.0000  60.0000 0000001   0.0000  50.0000 15.19000000    08
Starlink-550 57
1 00058U 00000ABC 00001.00000000  .00000000  00000-0  00000+0 0    06
2 00058  60.0000  60.0000 0000001   0.0000  70.0000 15.19000000    01
Starlink-550 58
1 00059U 00000ABC 00001.00000000  .00000000  00000-0  00000+0 0    07
2 00059  60.0000  60.0000 0000001   0.0000  90.0000 15.19000000    04
Starlink-550 59
1 00060U 00000ABC 00001.00000000  .00000000  00000-0  00000+0 0    09
2 00060  60.0000  60.0000 0000001   0.0000 110.0000 15.19000000    09
Starlink-550 60
1 00061U 00000ABC 00001.00000000  .00000000  00000-0  00000+0 0    00
2 00061  60.0000  60.0000 0000001   0.0000 130.0000 15.19000000    02
Starlink-550 61
1 00062U 00000ABC 00001.00000000  .00000000  00000-0  00000+0 0    01
2 00062  60.0000  60.0000 0000001   0.0000 150.0000 15.19000000    05
Starlink-550 62
1 00063U 00000ABC 00001.00000000  .00000000  00000-0  00000+0 0    02
2 00063  60.0000  60.0000 0000001   0.0000 170.0000 15.19000000    08
Starlink-550 63
1 00064U 00000ABC 00001.00000000  .00000000  00000-0  00000+0 0    03
2 00064  60.0000  60.0000 0000001   0.0000 190.0000 15.19000000    01
Starlink-550 64
1 00065U 00000ABC 00001.00000000  .00000000  00000-0  00000+0 0    04
2 00065  60.0000  60.0000 0000001   0.0000 210.0000 15.19000000    05
Starlink-550 65
1 00066U 00000ABC 00001.00000000  .00000000  00000-0  00000+0 0    05
2 00066  60.0000  60.0000 0000001   0.0000 230.0000 15.19000000    08
Starlink-550 66
1 00067U 00000ABC 00001.00000000  .00000000  00000-0  00000+0 0    06
2 00067  60.0000  60.0000 0000001   0.0000 250.0000 15.19000000    01
Starlink-550 67
1 00068U 00000ABC 00001.00000000  .00000000  00000-0  00000+0 0    07
2 00068  60.0000  60.0000 0000001   0.0000 270.0000 15.19000000    04
Starlink-550 68
1 00069U 00000ABC 00001.00000000  .00000000  00000-0  00000+0 0    08
2 00069  60.0000  60.0000 0000001   0.0000 290.0000 15.19000000    07
Starlink-550 69
1 00070U 00000ABC 00001.00000000  .00000000  00000-0  00000+0 0    00
2 00070  60.0000  60.0000 0000001   0.0000 310.0000 15.19000000    02
Starlink-550 70
1 00071U 00000ABC 00001.00000000  .00000000  00000-0  00000+0 0    01
2 00071  60.0000  60.0000 0000001   0.0000 330.0000 15.19000000    05
Starlink-550 71
1 00072U 00000ABC 00001.00000000  .00000000  00000-0  00000+0 0    02
2 00072  60.0000  60.0000 0000001   0.0000 350.0000 15.19000000    08
Starlink-550 72
1 00073U 00000ABC 00001.00000000  .00000000  00000-0  00000+0 0    03
2 00073  60.0000  80.0000 0000001   0.0000   0.0000 15.19000000    03
Starlink-550 73
1 00074U 00000ABC 00001.00000000  .00000000  00000-0  00000+0 0    04
2 00074  60.0000  80.0000 0000001   0.0000  20.0000 15.19000000    06
Starlink-550 74
1 00075U 00000ABC 00001.00000000  .00000000  00000-0  00000+0 0    05
2 00075  60.0000  80.0000 0000001   0.0000  40.0000 15.19000000    09
Starlink-550 75
1 00076U 00000ABC 00001.00000000  .00000000  00000-0  00000+0 0    06
2 00076  60.0000  80.0000 0000001   0.0000  60.0000 15.19000000    02
Starlink-550 76
1 00077U 00000ABC 00001.00000000  .00000000  00000-0  00000+0 0    07
2 00077  60.0000  80.0000 0000001   0.0000  80.0000 15.19000000    05
Starlink-550 77
1 00078U 00000ABC 00001.00000000  .00000000  00000-0  00000+0 0    08
2 00078  60.0000  80.0000 0000001   0.0000 100.0000 15.19000000    09
Starlink-550 78
1 00079U 00000ABC 00001.00000000  .00000000  00000-0  00000+0 0    09
2 00079  60.0000  80.0000 0000001   0.0000 120.0000 15.19000000    02
Starlink-550 79
1 00080U 00000ABC 00001.00000000  .00000000  00000-0  00000+0 0    01
2 00080  60.0000  80.0000 0000001   0.0000 140.0000 15.19000000    06
Starlink-550 80
1 00081U 00000ABC 00001.00000000  .00000000  00000-0  00000+0 0    02
2 00081  60.0000  80.0000 0000001   0.0000 160.0000 15.19000000    09
Starlink-550 81
1 00082U 00000ABC 00001.00000000  .00000000  00000-0  00000+0 0    03
2 00082  60.0000  80.0000 0000001   0.0000 180.0000 15.19000000    02
Starlink-550 82
1 00083U 00000ABC 00001.00000000  .00000000  00000-0  00000+0 0    04
2 00083  60.0000  80.0000 0000001   0.0000 200.0000 15.19000000    06
Starlink-550 83
1 00084U 00000ABC 00001.00000000  .00000000  00000-0  00000+0 0    05
2 00084  60.0000  80.0000 0000001   0.0000 220.0000 15.19000000    09
Starlink-550 84
1 00085U 00000ABC 00001.00000000  .00000000  00000-0  00000+0 0    06
2 00085  60.0000  80.0000 0000001   0.0000 240.0000 15.19000000    02
Starlink-550 85
1 00086U 00000ABC 00001.00000000  .00000000  00000-0  00000+0 0    07
2 00086  60.0000  80.0000 0000001   0.0000 260.0000 15.19000000    05
Starlink-550 86
1 00087U 00000ABC 00001.00000000  .00000000  00000-0  00000+0 0    08
2 00087  60.0000  80.0000 0000001   0.0000 280.0000 15.19000000    08
Starlink-550 87
1 00088U 00000ABC 00001.00000000  .00000000  00000-0  00000+0 0    09
2 00088  60.0000  80.0000 0000001   0.0000 300.0000 15.19000000    02
Starlink-550 88
1 00089U 00000ABC 00001.00000000  .00000000  00000-0  00000+0 0    00
2 00089  60.0000  80.0000 0000001   0.0000 320.0000 15.19000000    05
Starlink-550 89
1 00090U 00000ABC 00001.00000000  .00000000  00000-0  00000+0 0    02
2 00090  60.0000  80.0000 0000001   0.0000 340.0000 15.19000000    09
Starlink-550 90
1 00091U 00000ABC 00001.00000000  .00000000  00000-0  00000+0 0    03
2 00091  60.0000 100.0000 0000001   0.0000  10.0000 15.19000000    07
Starlink-550 91
1 00092U 00000ABC 00001.00000000  .00000000  00000-0  00000+0 0    04
2 00092  60.0000 100.0000 0000001   0.0000  30.0000 15.19000000    00
Starlink-550 92
1 00093U 00000ABC 00001.00000000  .00000000  00000-0  00000+0 0    05
2 00093  60.0000 100.0000 0000001   0.0000  50.0000 15.19000000    03
Starlink-550 93
1 00094U 00000ABC 00001.00000000  .00000000  00000-0  00000+0 0    06
2 00094  60.0000 100.0000 0000001   0.0000  70.0000 15.19000000    06
Starlink-550 94
1 00095U 00000ABC 00001.00000000  .00000000  00000-0  00000+0 0    07
2 00095  60.0000 100.0000 0000001   0.0000  90.0000 15.19000000    09
Starlink-550 95
1 00096U 00000ABC 00001.00000000  .00000000  00000-0  00000+0 0    08
2 00096  60.0000 100.0000 0000001   0.0000 110.0000 15.19000000    03
Starlink-550 96
1 00097U 00000ABC 00001.00000000  .00000000  00000-0  00000+0 0    09
2 00097  60.0000 100.0000 0000001   0.0000 130.0000 15.19000000    06
Starlink-550 97
1 00098U 00000ABC 00001.00000000  .00000000  00000-0  00000+0 0    00
2 00098  60.0000 100.0000 0000001   0.0000 150.0000 15.19000000    09
Starlink-550 98
1 00099U 00000ABC 00001.00000000  .00000000  00000-0  00000+0 0    01
2 00099  60.0000 100.0000 0000001   0.0000 170.0000 15.19000000    02
Starlink-550 99
1 00100U 00000ABC 00001.00000000  .00000000  00000-0  00000+0 0    04
2 00100  60.0000 100.0000 0000001   0.0000 190.0000 15.19000000    07
Starlink-550 100
1 00101U 00000ABC 00001.00000000  .00000000  00000-0  00000+0 0    05
2 00101  60.0000 100.0000 0000001   0.0000 210.0000 15.19000000    01
Starlink-550 101
1 00102U 00000ABC 00001.00000000  .00000000  00000-0  00000+0 0    06
2 00102  60.0000 100.0000 0000001   0.0000 230.0000 15.19000000    04
Starlink-550 102
1 00103U 00000ABC 00001.00000000  .00000000  00000-0  00000+0 0    07
2 00103  60.0000 100.0000 0000001   0.0000 250.0000 15.19000000    07
Starlink-550 103
1 00104U 00000ABC 00001.00000000  .00000000  00000-0  00000+0 0    08
2 00104  60.0000 100.0000 0000001   0.0000 270.0000 15.19000000    00
Starlink-550 104
1 00105U 00000ABC 00001.00000000  .00000000  00000-0  00000+0 0    09
2 00105  60.0000 100.0000 0000001   0.0000 290.0000 15.19000000    03
Starlink-550 105
1 00106U 00000ABC 00001.00000000  .00000000  00000-0  00000+0 0    00
2 00106  60.0000 100.0000 0000001   0.0000 310.0000 15.19000000    07
Starlink-550 106
1 00107U 00000ABC 00001.00000000  .00000000  00000-0  00000+0 0    01
2 00107  60.0000 100.0000 0000001   0.0000 330.0000 15.19000000    00
Starlink-550 107
1 00108U 00000ABC 00001.00000000  .00000000  00000-0  00000+0 0    02
2 00108  60.0000 100.0000 0000001   0.0000 350.0000 15.19000000    03
Starlink-550 108
1 00109U 00000ABC 00001.00000000  .00000000  00000-0  00000+0 0    03
2 00109  60.0000 120.0000 0000001   0.0000   0.0000 15.19000000    08
Starlink-550 109
1 00110U 00000ABC 00001.00000000  .00000000  00000-0  00000+0 0    05
2 00110  60.0000 120.0000 0000001   0.0000  20.0000 15.19000000    02
Starlink-550 110
1 00111U 00000ABC 00001.00000000  .00000000  00000-0  00000+0 0    06
2 00111  60.0000 120.0000 0000001   0.0000  40.0000 15.19000000    05
Starlink-550 111
1 00112U 00000ABC 00001.00000000  .00000000  00000-0  00000+0 0    07
2 00112  60.0000 120.0000 0000001   0.0000  60.0000 15.19000000    08
Starlink-550 112
1 00113U 00000ABC 00001.00000000  .00000000  00000-0  00000+0 0    08
2 00113  60.0000 120.0000 0000001   0.0000  80.0000 15.19000000    01
Starlink-550 113
1 00114U 00000ABC 00001.00000000  .00000000  00000-0  00000+0 0    09
2 00114  60.0000 120.0000 0000001   0.0000 100.0000 15.19000000    05
Starlink-550 114
1 00115U 00000ABC 00001.00000000  .00000000  00000-0  00000+0 0    00
2 00115  60.0000 120.0000 0000001   0.0000 120.0000 15.19000000    08
Starlink-550 115
1 00116U 00000ABC 00001.00000000  .00000000  00000-0  00000+0 0    01
2 00116  60.0000 120.0000 0000001   0.0000 140.0000 15.19000000    01
Starlink-550 116
1 00117U 00000ABC 00001.00000000  .00000000  00000-0  00000+0 0    02
2 00117  60.0000 120.0000 0000001   0.0000 160.0000 15.19000000    04
Starlink-550 117
1 00118U 00000ABC 00001.00000000  .00000000  00000-0  00000+0 0    03
2 00118  60.0000 120.0000 0000001   0.0000 180.0000 15.19000000    07
Starlink-550 118
1 00119U 00000ABC 00001.00000000  .00000000  00000-0  00000+0 0    04
2 00119  60.0000 120.0000 0000001   0.0000 200.0000 15.19000000    01
Starlink-550 119
1 00120U 00000ABC 00001.00000000  .00000000  00000-0  00000+0 0    06
2 00120  60.0000 120.0000 0000001   0.0000 220.0000 15.19000000    05
Starlink-550 120
1 00121U 00000ABC 00001.00000000  .00000000  00000-0  00000+0 0    07
2 00121  60.0000 120.0000 0000001   0.0000 240.0000 15.19000000    08
Starlink-550 121
1 00122U 00000ABC 00001.00000000  .00000000  00000-0  00000+0 0    08
2 00122  60.0000 120.0000 0000001   0.0000 260.0000 15.19000000    01
Starlink-550 122
1 00123U 00000ABC 00001.00000000  .00000000  00000-0  00000+0 0    09
2 00123  60.0000 120.0000 0000001   0.0000 280.0000 15.19000000    04
Starlink-550 123
1 00124U 00000ABC 00001.00000000  .00000000  00000-0  00000+0 0    00
2 00124  60.0000 120.0000 0000001   0.0000 300.0000 15.19000000    08
Starlink-550 124
1 00125U 00000ABC 00001.00000000  .00000000  00000-0  00000+0 0    01
2 00125  60.0000 120.0000 0000001   0.0000 320.0000 15.19000000    01
Starlink-550 125
1 00126U 00000ABC 00001.00000000  .00000000  00000-0  00000+0 0    02
2 00126  60.0000 120.0000 0000001   0.0000 340.0000 15.19000000    04
Starlink-550 126
1 00127U 00000ABC 00001.00000000  .00000000  00000-0  00000+0 0    03
2 00127  60.0000 140.0000 0000001   0.0000  10.0000 15.19000000    01
Starlink-550 127
1 00128U 00000ABC 00001.00000000  .00000000  00000-0  00000+0 0    04
2 00128  60.0000 140.0000 0000001   0.0000  30.0000 15.19000000    04
Starlink-550 128
1 00129U 00000ABC 00001.00000000  .00000000  00000-0  00000+0 0    05
2 00129  60.0000 140.0000 0000001   0.0000  50.0000 15.19000000    07
Starlink-550 129
1 00130U 00000ABC 00001.00000000  .00000000  00000-0  00000+0 0    07
2 00130  60.0000 140.0000 0000001   0.0000  70.0000 15.19000000    01
Starlink-550 130
1 00131U 00000ABC 00001.00000000  .00000000  00000-0  00000+0 0    08
2 00131  60.0000 140.0000 0000001   0.0000  90.0000 15.19000000    04
Starlink-550 131
1 00132U 00000ABC 00001.00000000  .00000000  00000-0  00000+0 0    09
2 00132  60.0000 140.0000 0000001   0.0000 110.0000 15.19000000    08
Starlink-550 132
1 00133U 00000ABC 00001.00000000  .00000000  00000-0  00000+0 0    00
2 00133  60.0000 140.0000 0000001   0.0000 130.0000 15.19000000    01
Starlink-550 133
1 00134U 00000ABC 00001.00000000  .00000000  00000-0  00000+0 0    01
2 00134  60.0000 140.0000 0000001   0.0000 150.0000 15.19000000    04
Starlink-550 134
1 00135U 00000ABC 00001.00000000  .00000000  00000-0  00000+0 0    02
2 00135  60.0000 140.0000 0000001   0.0000 170.0000 15.19000000    07
Starlink-550 135
1 00136U 00000ABC 00001.00000000  .00000000  00000-0  00000+0 0    03
2 00136  60.0000 140.0000 0000001   0.0000 190.0000 15.19000000    00
Starlink-550 136
1 00137U 00000ABC 00001.00000000  .00000000  00000-0  00000+0 0    04
2 00137  60.0000 140.0000 0000001   0.0000 210.0000 15.19000000    04
Starlink-550 137
1 00138U 00000ABC 00001.00000000  .00000000  00000-0  00000+0 0    05
2 00138  60.0000 140.0000 0000001   0.0000 230.0000 15.19000000    07
Starlink-550 138
1 00139U 00000ABC 00001.00000000  .00000000  00000-0  00000+0 0    06
2 00139  60.0000 140.0000 0000001   0.0000 250.0000 15.19000000    00
Starlink-550 139
1 00140U 00000ABC 00001.00000000  .00000000  00000-0  00000+0 0    08
2 00140  60.0000 140.0000 0000001   0.0000 270.0000 15.19000000    04
Starlink-550 140
1 00141U 00000ABC 00001.00000000  .00000000  00000-0  00000+0 0    09
2 00141  60.0000 140.0000 0000001   0.0000 290.0000 15.19000000    07
Starlink-550 141
1 00142U 00000ABC 00001.00000000  .00000000  00000-0  00000+0 0    00
2 00142  60.0000 140.0000 0000001   0.0000 310.0000 15.19000000    01
Starlink-550 142
1 00143U 00000ABC 00001.00000000  .00000000  00000-0  00000+0 0    01
2 00143  60.0000 140.0000 0000001   0.0000 330.0000 15.19000000    04
Starlink-550 143
1 00144U 00000ABC 00001.00000000  .00000000  00000-0  00000+0 0    02
2 00144  60.0000 140.0000 0000001   0.0000 350.0000 15.19000000    07
Starlink-550 144
1 00145U 00000ABC 00001.00000000  .00000000  00000-0  00000+0 0    03
2 00145  60.0000 160.0000 0000001   0.0000   0.0000 15.19000000    02
Starlink-550 145
1 00146U 00000ABC 00001.00000000  .00000000  00000-0  00000+0 0    04
2 00146  60.0000 160.0000 0000001   0.0000  20.0000 15.19000000    05
Starlink-550 146
1 00147U 00000ABC 00001.00000000  .00000000  00000-0  00000+0 0    05
2 00147  60.0000 160.0000 0000001   0.0000  40.0000 15.19000000    08
Starlink-550 147
1 00148U 00000ABC 00001.00000000  .00000000  00000-0  00000+0 0    06
2 00148  60.0000 160.0000 0000001   0.0000  60.0000 15.19000000    01
Starlink-550 148
1 00149U 00000ABC 00001.00000000  .00000000  00000-0  00000+0 0    07
2 00149  60.0000 160.0000 0000001   0.0000  80.0000 15.19000000    04
Starlink-550 149
1 00150U 00000ABC 00001.00000000  .00000000  00000-0  00000+0 0    09
2 00150  60.0000 160.0000 0000001   0.0000 100.0000 15.19000000    09
Starlink-550 150
1 00151U 00000ABC 00001.00000000  .00000000  00000-0  00000+0 0    00
2 00151  60.0000 160.0000 0000001   0.0000 120.0000 15.19000000    02
Starlink-550 151
1 00152U 00000ABC 00001.00000000  .00000000  00000-0  00000+0 0    01
2 00152  60.0000 160.0000 0000001   0.0000 140.0000 15.19000000    05
Starlink-550 152
1 00153U 00000ABC 00001.00000000  .00000000  00000-0  00000+0 0    02
2 00153  60.0000 160.0000 0000001   0.0000 160.0000 15.19000000    08
Starlink-550 153
1 00154U 00000ABC 00001.00000000  .00000000  00000-0  00000+0 0    03
2 00154  60.0000 160.0000 0000001   0.0000 180.0000 15.19000000    01
Starlink-550 154
1 00155U 00000ABC 00001.00000000  .00000000  00000-0  00000+0 0    04
2 00155  60.0000 160.0000 0000001   0.0000 200.0000 15.19000000    05
Starlink-550 155
1 00156U 00000ABC 00001.00000000  .00000000  00000-0  00000+0 0    05
2 00156  60.0000 160.0000 0000001   0.0000 220.0000 15.19000000    08
Starlink-550 156
1 00157U 00000ABC 00001.00000000  .00000000  00000-0  00000+0 0    06
2 00157  60.0000 160.0000 0000001   0.0000 240.0000 15.19000000    01
Starlink-550 157
1 00158U 00000ABC 00001.00000000  .00000000  00000-0  00000+0 0    07
2 00158  60.0000 160.0000 0000001   0.0000 260.0000 15.19000000    04
Starlink-550 158
1 00159U 00000ABC 00001.00000000  .00000000  00000-0  00000+0 0    08
2 00159  60.0000 160.0000 0000001   0.0000 280.0000 15.19000000    07
Starlink-550 159
1 00160U 00000ABC 00001.00000000  .00000000  00000-0  00000+0 0    00
2 00160  60.0000 160.0000 0000001   0.0000 300.0000 15.19000000    02
Starlink-550 160
1 00161U 00000ABC 00001.00000000  .00000000  00000-0  00000+0 0    01
2 00161  60.0000 160.0000 0000001   0.0000 320.0000 15.19000000    05
Starlink-550 161
1 00162U 00000ABC 00001.00000000  .00000000  00000-0  00000+0 0    02
2 00162  60.0000 160.0000 0000001   0.0000 340.0000 15.19000000    08
Starlink-550 162
1 00163U 00000ABC 00001.00000000  .00000000  00000-0  00000+0 0    03
2 00163  60.0000 180.0000 0000001   0.0000  10.0000 15.19000000    05
Starlink-550 163
1 00164U 00000ABC 00001.00000000  .00000000  00000-0  00000+0 0    04
2 00164  60.0000 180.0000 0000001   0.0000  30.0000 15.19000000    08
Starlink-550 164
1 00165U 00000ABC 00001.00000000  .00000000  00000-0  00000+0 0    05
2 00165  60.0000 180.0000 0000001   0.0000  50.0000 15.19000000    01
Starlink-550 165
1 00166U 00000ABC 00001.00000000  .00000000  00000-0  00000+0 0    06
2 00166  60.0000 180.0000 0000001   0.0000  70.0000 15.19000000    04
Starlink-550 166
1 00167U 00000ABC 00001.00000000  .00000000  00000-0  00000+0 0    07
2 00167  60.0000 180.0000 0000001   0.0000  90.0000 15.19000000    07
Starlink-550 167
1 00168U 00000ABC 00001.00000000  .00000000  00000-0  00000+0 0    08
2 00168  60.0000 180.0000 0000001   0.0000 110.0000 15.19000000    01
Starlink-550 168
1 00169U 00000ABC 00001.00000000  .00000000  00000-0  00000+0 0    09
2 00169  60.0000 180.0000 0000001   0.0000 130.0000 15.19000000    04
Starlink-550 169
1 00170U 00000ABC 00001.00000000  .00000000  00000-0  00000+0 0    01
2 00170  60.0000 180.0000 0000001   0.0000 150.0000 15.19000000    08
Starlink-550 170
1 00171U 00000ABC 00001.00000000  .00000000  00000-0  00000+0 0    02
2 00171  60.0000 180.0000 0000001   0.0000 170.0000 15.19000000    01
Starlink-550 171
1 00172U 00000ABC 00001.00000000  .00000000  00000-0  00000+0 0    03
2 00172  60.0000 180.0000 0000001   0.0000 190.0000 15.19000000    04
Starlink-550 172
1 00173U 00000ABC 00001.00000000  .00000000  00000-0  00000+0 0    04
2 00173  60.0000 180.0000 0000001   0.0000 210.0000 15.19000000    08
Starlink-550 173
1 00174U 00000ABC 00001.00000000  .00000000  00000-0  00000+0 0    05
2 00174  60.0000 180.0000 0000001   0.0000 230.0000 15.19000000    01
Starlink-550 174
1 00175U 00000ABC 00001.00000000  .00000000  00000-0  00000+0 0    06
2 00175  60.0000 180.0000 0000001   0.0000 250.0000 15.19000000    04
Starlink-550 175
1 00176U 00000ABC 00001.00000000  .00000000  00000-0  00000+0 0    07
2 00176  60.0000 180.0000 0000001   0.0000 270.0000 15.19000000    07
Starlink-550 176
1 00177U 00000ABC 00001.00000000  .00000000  00000-0  00000+0 0    08
2 00177  60.0000 180.0000 0000001   0.0000 290.0000 15.19000000    00
Starlink-550 177
1 00178U 00000ABC 00001.00000000  .00000000  00000-0  00000+0 0    09
2 00178  60.0000 180.0000 0000001   0.0000 310.0000 15.19000000    04
Starlink-550 178
1 00179U 00000ABC 00001.00000000  .00000000  00000-0  00000+0 0    00
2 00179  60.0000 180.0000 0000001   0.0000 330.0000 15.19000000    07
Starlink-550 179
1 00180U 00000ABC 00001.00000000  .00000000  00000-0  00000+0 0    02
2 00180  60.0000 180.0000 0000001   0.0000 350.0000 15.19000000    01
Starlink-550 180
1 00181U 00000ABC 00001.00000000  .00000000  00000-0  00000+0 0    03
2 00181  60.0000 200.0000 0000001   0.0000   0.0000 15.19000000    07
Starlink-550 181
1 00182U 00000ABC 00001.00000000  .00000000  00000-0  00000+0 0    04
2 00182  60.0000 200.0000 0000001   0.0000  20.0000 15.19000000    00
Starlink-550 182
1 00183U 00000ABC 00001.00000000  .00000000  00000-0  00000+0 0    05
2 00183  60.0000 200.0000 0000001   0.0000  40.0000 15.19000000    03
Starlink-550 183
1 00184U 00000ABC 00001.00000000  .00000000  00000-0  00000+0 0    06
2 00184  60.0000 200.0000 0000001   0.0000  60.0000 15.19000000    06
Starlink-550 184
1 00185U 00000ABC 00001.00000000  .00000000  00000-0  00000+0 0    07
2 00185  60.0000 200.0000 0000001   0.0000  80.0000 15.19000000    09
Starlink-550 185
1 00186U 00000ABC 00001.00000000  .00000000  00000-0  00000+0 0    08
2 00186  60.0000 200.0000 0000001   0.0000 100.0000 15.19000000    03
Starlink-550 186
1 00187U 00000ABC 00001.00000000  .00000000  00000-0  00000+0 0    09
2 00187  60.0000 200.0000 0000001   0.0000 120.0000 15.19000000    06
Starlink-550 187
1 00188U 00000ABC 00001.00000000  .00000000  00000-0  00000+0 0    00
2 00188  60.0000 200.0000 0000001   0.0000 140.0000 15.19000000    09
Starlink-550 188
1 00189U 00000ABC 00001.00000000  .00000000  00000-0  00000+0 0    01
2 00189  60.0000 200.0000 0000001   0.0000 160.0000 15.19000000    02
Starlink-550 189
1 00190U 00000ABC 00001.00000000  .00000000  00000-0  00000+0 0    03
2 00190  60.0000 200.0000 0000001   0.0000 180.0000 15.19000000    06
Starlink-550 190
1 00191U 00000ABC 00001.00000000  .00000000  00000-0  00000+0 0    04
2 00191  60.0000 200.0000 0000001   0.0000 200.0000 15.19000000    00
Starlink-550 191
1 00192U 00000ABC 00001.00000000  .00000000  00000-0  00000+0 0    05
2 00192  60.0000 200.0000 0000001   0.0000 220.0000 15.19000000    03
Starlink-550 192
1 00193U 00000ABC 00001.00000000  .00000000  00000-0  00000+0 0    06
2 00193  60.0000 200.0000 0000001   0.0000 240.0000 15.19000000    06
Starlink-550 193
1 00194U 00000ABC 00001.00000000  .00000000  00000-0  00000+0 0    07
2 00194  60.0000 200.0000 0000001   0.0000 260.0000 15.19000000    09
Starlink-550 194
1 00195U 00000ABC 00001.00000000  .00000000  00000-0  00000+0 0    08
2 00195  60.0000 200.0000 0000001   0.0000 280.0000 15.19000000    02
Starlink-550 195
1 00196U 00000ABC 00001.00000000  .00000000  00000-0  00000+0 0    09
2 00196  60.0000 200.0000 0000001   0.0000 300.0000 15.19000000    06
Starlink-550 196
1 00197U 00000ABC 00001.00000000  .00000000  00000-0  00000+0 0    00
2 00197  60.0000 200.0000 0000001   0.0000 320.0000 15.19000000    09
Starlink-550 197
1 00198U 00000ABC 00001.00000000  .00000000  00000-0  00000+0 0    01
2 00198  60.0000 200.0000 0000001   0.0000 340.0000 15.19000000    02
Starlink-550 198
1 00199U 00000ABC 00001.00000000  .00000000  00000-0  00000+0 0    02
2 00199  60.0000 220.0000 0000001   0.0000  10.0000 15.19000000    09
Starlink-550 199
1 00200U 00000ABC 00001.00000000  .00000000  00000-0  00000+0 0    05
2 00200  60.0000 220.0000 0000001   0.0000  30.0000 15.19000000    04
Starlink-550 200
1 00201U 00000ABC 00001.00000000  .00000000  00000-0  00000+0 0    06
2 00201  60.0000 220.0000 0000001   0.0000  50.0000 15.19000000    07
Starlink-550 201
1 00202U 00000ABC 00001.00000000  .00000000  00000-0  00000+0 0    07
2 00202  60.0000 220.0000 0000001   0.0000  70.0000 15.19000000    00
Starlink-550 202
1 00203U 00000ABC 00001.00000000  .00000000  00000-0  00000+0 0    08
2 00203  60.0000 220.0000 0000001   0.0000  90.0000 15.19000000    03
Starlink-550 203
1 00204U 00000ABC 00001.00000000  .00000000  00000-0  00000+0 0    09
2 00204  60.0000 220.0000 0000001   0.0000 110.0000 15.19000000    07
Starlink-550 204
1 00205U 00000ABC 00001.00000000  .00000000  00000-0  00000+0 0    00
2 00205  60.0000 220.0000 0000001   0.0000 130.0000 15.19000000    00
Starlink-550 205
1 00206U 00000ABC 00001.00000000  .00000000  00000-0  00000+0 0    01
2 00206  60.0000 220.0000 0000001   0.0000 150.0000 15.19000000    03
Starlink-550 206
1 00207U 00000ABC 00001.00000000  .00000000  00000-0  00000+0 0    02
2 00207  60.0000 220.0000 0000001   0.0000 170.0000 15.19000000    06
Starlink-550 207
1 00208U 00000ABC 00001.00000000  .00000000  00000-0  00000+0 0    03
2 00208  60.0000 220.0000 0000001   0.0000 190.0000 15.19000000    09
Starlink-550 208
1 00209U 00000ABC 00001.00000000  .00000000  00000-0  00000+0 0    04
2 00209  60.0000 220.0000 0000001   0.0000 210.0000 15.19000000    03
Starlink-550 209
1 00210U 00000ABC 00001.00000000  .00000000  00000-0  00000+0 0    06
2 00210  60.0000 220.0000 0000001   0.0000 230.0000 15.19000000    07
Starlink-550 210
1 00211U 00000ABC 00001.00000000  .00000000  00000-0  00000+0 0    07
2 00211  60.0000 220.0000 0000001   0.0000 250.0000 15.19000000    00
Starlink-550 211
1 00212U 00000ABC 00001.00000000  .00000000  00000-0  00000+0 0    08
2 00212  60.0000 220.0000 0000001   0.0000 270.0000 15.19000000    03
Starlink-550 212
1 00213U 00000ABC 00001.00000000  .00000000  00000-0  00000+0 0    09
2 00213  60.0000 220.0000 0000001   0.0000 290.0000 15.19000000    06
Starlink-550 213
1 00214U 00000ABC 00001.00000000  .00000000  00000-0  00000+0 0    00
2 00214  60.0000 220.0000 0000001   0.0000 310.0000 15.19000000    00
Starlink-550 214
1 00215U 00000ABC 00001.00000000  .00000000  00000-0  00000+0 0    01
2 00215  60.0000 220.0000 0000001   0.0000 330.0000 15.19000000    03
Starlink-550 215
1 00216U 00000ABC 00001.00000000  .00000000  00000-0  00000+0 0    02
2 00216  60.0000 220.0000 0000001   0.0000 350.0000 15.19000000    06
Starlink-550 216
1 00217U 00000ABC 00001.00000000  .00000000  00000-0  00000+0 0    03
2 00217  60.0000 240.0000 0000001   0.0000   0.0000 15.19000000    01
Starlink-550 217
1 00218U 00000ABC 00001.00000000  .00000000  00000-0  00000+0 0    04
2 00218  60.0000 240.0000 0000001   0.0000  20.0000 15.19000000    04
Starlink-550 218
1 00219U 00000ABC 00001.00000000  .00000000  00000-0  00000+0 0    05
2 00219  60.0000 240.0000 0000001   0.0000  40.0000 15.19000000    07
Starlink-550 219
1 00220U 00000ABC 00001.00000000  .00000000  00000-0  00000+0 0    07
2 00220  60.0000 240.0000 0000001   0.0000  60.0000 15.19000000    01
Starlink-550 220
1 00221U 00000ABC 00001.00000000  .00000000  00000-0  00000+0 0    08
2 00221  60.0000 240.0000 0000001   0.0000  80.0000 15.19000000    04
Starlink-550 221
1 00222U 00000ABC 00001.00000000  .00000000  00000-0  00000+0 0    09
2 00222  60.0000 240.0000 0000001   0.0000 100.0000 15.19000000    08
Starlink-550 222
1 00223U 00000ABC 00001.00000000  .00000000  00000-0  00000+0 0    00
2 00223  60.0000 240.0000 0000001   0.0000 120.0000 15.19000000    01
Starlink-550 223
1 00224U 00000ABC 00001.00000000  .00000000  00000-0  00000+0 0    01
2 00224  60.0000 240.0000 0000001   0.0000 140.0000 15.19000000    04
Starlink-550 224
1 00225U 00000ABC 00001.00000000  .00000000  00000-0  00000+0 0    02
2 00225  60.0000 240.0000 0000001   0.0000 160.0000 15.19000000    07
Starlink-550 225
1 00226U 00000ABC 00001.00000000  .00000000  00000-0  00000+0 0    03
2 00226  60.0000 240.0000 0000001   0.0000 180.0000 15.19000000    00
Starlink-550 226
1 00227U 00000ABC 00001.00000000  .00000000  00000-0  00000+0 0    04
2 00227  60.0000 240.0000 0000001   0.0000 200.0000 15.19000000    04
Starlink-550 227
1 00228U 00000ABC 00001.00000000  .00000000  00000-0  00000+0 0    05
2 00228  60.0000 240.0000 0000001   0.0000 220.0000 15.19000000    07
Starlink-550 228
1 00229U 00000ABC 00001.00000000  .00000000  00000-0  00000+0 0    06
2 00229  60.0000 240.0000 0000001   0.0000 240.0000 15.19000000    00
Starlink-550 229
1 00230U 00000ABC 00001.00000000  .00000000  00000-0  00000+0 0    08
2 00230  60.0000 240.0000 0000001   0.0000 260.0000 15.19000000    04
Starlink-550 230
1 00231U 00000ABC 00001.00000000  .00000000  00000-0  00000+0 0    09
2 00231  60.0000 240.0000 0000001   0.0000 280.0000 15.19000000    07
Starlink-550 231
1 00232U 00000ABC 00001.00000000  .00000000  00000-0  00000+0 0    00
2 00232  60.0000 240.0000 0000001   0.0000 300.0000 15.19000000    01
Starlink-550 232
1 00233U 00000ABC 00001.00000000  .00000000  00000-0  00000+0 0    01
2 00233  60.0000 240.0000 0000001   0.0000 320.0000 15.19000000    04
Starlink-550 233
1 00234U 00000ABC 00001.00000000  .00000000  00000-0  00000+0 0    02
2 00234  60.0000 240.0000 0000001   0.0000 340.0000 15.19000000    07
Starlink-550 234
1 00235U 00000ABC 00001.00000000  .00000000  00000-0  00000+0 0    03
2 00235  60.0000 260.0000 0000001   0.0000  10.0000 15.19000000    04
Starlink-550 235
1 00236U 00000ABC 00001.00000000  .00000000  00000-0  00000+0 0    04
2 00236  60.0000 260.0000 0000001   0.0000  30.0000 15.19000000    07
Starlink-550 236
1 00237U 00000ABC 00001.00000000  .00000000  00000-0  00000+0 0    05
2 00237  60.0000 260.0000 0000001   0.0000  50.0000 15.19000000    00
Starlink-550 237
1 00238U 00000ABC 00001.00000000  .00000000  00000-0  00000+0 0    06
2 00238  60.0000 260.0000 0000001   0.0000  70.0000 15.19000000    03
Starlink-550 238
1 00239U 00000ABC 00001.00000000  .00000000  00000-0  00000+0 0    07
2 00239  60.0000 260.0000 0000001   0.0000  90.0000 15.19000000    06
Starlink-550 239
1 00240U 00000ABC 00001.00000000  .00000000  00000-0  00000+0 0    09
2 00240  60.0000 260.0000 0000001   0.0000 110.0000 15.19000000    01
Starlink-550 240
1 00241U 00000ABC 00001.00000000  .00000000  00000-0  00000+0 0    00
2 00241  60.0000 260.0000 0000001   0.0000 130.0000 15.19000000    04
Starlink-550 241
1 00242U 00000ABC 00001.00000000  .00000000  00000-0  00000+0 0    01
2 00242  60.0000 260.0000 0000001   0.0000 150.0000 15.19000000    07
Starlink-550 242
1 00243U 00000ABC 00001.00000000  .00000000  00000-0  00000+0 0    02
2 00243  60.0000 260.0000 0000001   0.0000 170.0000 15.19000000    00
Starlink-550 243
1 00244U 00000ABC 00001.00000000  .00000000  00000-0  00000+0 0    03
2 00244  60.0000 260.0000 0000001   0.0000 190.0000 15.19000000    03
Starlink-550 244
1 00245U 00000ABC 00001.00000000  .00000000  00000-0  00000+0 0    04
2 00245  60.0000 260.0000 0000001   0.0000 210.0000 15.19000000    07
Starlink-550 245
1 00246U 00000ABC 00001.00000000  .00000000  00000-0  00000+0 0    05
2 00246  60.0000 260.0000 0000001   0.0000 230.0000 15.19000000    00
Starlink-550 246
1 00247U 00000ABC 00001.00000000  .00000000  00000-0  00000+0 0    06
2 00247  60.0000 260.0000 0000001   0.0000 250.0000 15.19000000    03
Starlink-550 247
1 00248U 00000ABC 00001.00000000  .00000000  00000-0  00000+0 0    07
2 00248  60.0000 260.0000 0000001   0.0000 270.0000 15.19000000    06
Starlink-550 248
1 00249U 00000ABC 00001.00000000  .00000000  00000-0  00000+0 0    08
2 00249  60.0000 260.0000 0000001   0.0000 290.0000 15.19000000    09
Starlink-550 249
1 00250U 00000ABC 00001.00000000  .00000000  00000-0  00000+0 0    00
2 00250  60.0000 260.0000 0000001   0.0000 310.0000 15.19000000    04
Starlink-550 250
1 00251U 00000ABC 00001.00000000  .00000000  00000-0  00000+0 0    01
2 00251  60.0000 260.0000 0000001   0.0000 330.0000 15.19000000    07
Starlink-550 251
1 00252U 00000ABC 00001.00000000  .00000000  00000-0  00000+0 0    02
2 00252  60.0000 260.0000 0000001   0.0000 350.0000 15.19000000    00
Starlink-550 252
1 00253U 00000ABC 00001.00000000  .00000000  00000-0  00000+0 0    03
2 00253  60.0000 280.0000 0000001   0.0000   0.0000 15.19000000    05
Starlink-550 253
1 00254U 00000ABC 00001.00000000  .00000000  00000-0  00000+0 0    04
2 00254  60.0000 280.0000 0000001   0.0000  20.0000 15.19000000    08
Starlink-550 254
1 00255U 00000ABC 00001.00000000  .00000000  00000-0  00000+0 0    05
2 00255  60.0000 280.0000 0000001   0.0000  40.0000 15.19000000    01
Starlink-550 255
1 00256U 00000ABC 00001.00000000  .00000000  00000-0  00000+0 0    06
2 00256  60.0000 280.0000 0000001   0.0000  60.0000 15.19000000    04
Starlink-550 256
1 00257U 00000ABC 00001.00000000  .00000000  00000-0  00000+0 0    07
2 00257  60.0000 280.0000 0000001   0.0000  80.0000 15.19000000    07
Starlink-550 257
1 00258U 00000ABC 00001.00000000  .00000000  00000-0  00000+0 0    08
2 00258  60.0000 280.0000 0000001   0.0000 100.0000 15.19000000    01
Starlink-550 258
1 00259U 00000ABC 00001.00000000  .00000000  00000-0  00000+0 0    09
2 00259  60.0000 280.0000 0000001   0.0000 120.0000 15.19000000    04
Starlink-550 259
1 00260U 00000ABC 00001.00000000  .00000000  00000-0  00000+0 0    01
2 00260  60.0000 280.0000 0000001   0.0000 140.0000 15.19000000    08
Starlink-550 260
1 00261U 00000ABC 00001.00000000  .00000000  00000-0  00000+0 0    02
2 00261  60.0000 280.0000 0000001   0.0000 160.0000 15.19000000    01
Starlink-550 261
1 00262U 00000ABC 00001.00000000  .00000000  00000-0  00000+0 0    03
2 00262  60.0000 280.0000 0000001   0.0000 180.0000 15.19000000    04
Starlink-550 262
1 00263U 00000ABC 00001.00000000  .00000000  00000-0  00000+0 0    04
2 00263  60.0000 280.0000 0000001   0.0000 200.0000 15.19000000    08
Starlink-550 263
1 00264U 00000ABC 00001.00000000  .00000000  00000-0  00000+0 0    05
2 00264  60.0000 280.0000 0000001   0.0000 220.0000 15.19000000    01
Starlink-550 264
1 00265U 00000ABC 00001.00000000  .00000000  00000-0  00000+0 0    06
2 00265  60.0000 280.0000 0000001   0.0000 240.0000 15.19000000    04
Starlink-550 265
1 00266U 00000ABC 00001.00000000  .00000000  00000-0  00000+0 0    07
2 00266  60.0000 280.0000 0000001   0.0000 260.0000 15.19000000    07
Starlink-550 266
1 00267U 00000ABC 00001.00000000  .00000000  00000-0  00000+0 0    08
2 00267  60.0000 280.0000 0000001   0.0000 280.0000 15.19000000    00
Starlink-550 267
1 00268U 00000ABC 00001.00000000  .00000000  00000-0  00000+0 0    09
2 00268  60.0000 280.0000 0000001   0.0000 300.0000 15.19000000    04
Starlink-550 268
1 00269U 00000ABC 00001.00000000  .00000000  00000-0  00000+0 0    00
2 00269  60.0000 280.0000 0000001   0.0000 320.0000 15.19000000    07
Starlink-550 269
1 00270U 00000ABC 00001.00000000  .00000000  00000-0  00000+0 0    02
2 00270  60.0000 280.0000 0000001   0.0000 340.0000 15.19000000    01
Starlink-550 270
1 00271U 00000ABC 00001.00000000  .00000000  00000-0  00000+0 0    03
2 00271  60.0000 300.0000 0000001   0.0000  10.0000 15.19000000    09
Starlink-550 271
1 00272U 00000ABC 00001.00000000  .00000000  00000-0  00000+0 0    04
2 00272  60.0000 300.0000 0000001   0.0000  30.0000 15.19000000    02
Starlink-550 272
1 00273U 00000ABC 00001.00000000  .00000000  00000-0  00000+0 0    05
2 00273  60.0000 300.0000 0000001   0.0000  50.0000 15.19000000    05
Starlink-550 273
1 00274U 00000ABC 00001.00000000  .00000000  00000-0  00000+0 0    06
2 00274  60.0000 300.0000 0000001   0.0000  70.0000 15.19000000    08
Starlink-550 274
1 00275U 00000ABC 00001.00000000  .00000000  00000-0  00000+0 0    07
2 00275  60.0000 300.0000 0000001   0.0000  90.0000 15.19000000    01
Starlink-550 275
1 00276U 00000ABC 00001.00000000  .00000000  00000-0  00000+0 0    08
2 00276  60.0000 300.0000 0000001   0.0000 110.0000 15.19000000    05
Starlink-550 276
1 00277U 00000ABC 00001.00000000  .00000000  00000-0  00000+0 0    09
2 00277  60.0000 300.0000 0000001   0.0000 130.0000 15.19000000    08
Starlink-550 277
1 00278U 00000ABC 00001.00000000  .00000000  00000-0  00000+0 0    00
2 00278  60.0000 300.0000 0000001   0.0000 150.0000 15.19000000    01
Starlink-550 278
1 00279U 00000ABC 00001.00000000  .00000000  00000-0  00000+0 0    01
2 00279  60.0000 300.0000 0000001   0.0000 170.0000 15.19000000    04
Starlink-550 279
1 00280U 00000ABC 00001.00000000  .00000000  00000-0  00000+0 0    03
2 00280  60.0000 300.0000 0000001   0.0000 190.0000 15.19000000    08
Starlink-550 280
1 00281U 00000ABC 00001.00000000  .00000000  00000-0  00000+0 0    04
2 00281  60.0000 300.0000 0000001   0.0000 210.0000 15.19000000    02
Starlink-550 281
1 00282U 00000ABC 00001.00000000  .00000000  00000-0  00000+0 0    05
2 00282  60.0000 300.0000 0000001   0.0000 230.0000 15.19000000    05
Starlink-550 282
1 00283U 00000ABC 00001.00000000  .00000000  00000-0  00000+0 0    06
2 00283  60.0000 300.0000 0000001   0.0000 250.0000 15.19000000    08
Starlink-550 283
1 00284U 00000ABC 00001.00000000  .00000000  00000-0  00000+0 0    07
2 00284  60.0000 300.0000 0000001   0.0000 270.0000 15.19000000    01
Starlink-550 284
1 00285U 00000ABC 00001.00000000  .00000000  00000-0  00000+0 0    08
2 00285  60.0000 300.0000 0000001   0.0000 290.0000 15.19000000    04
Starlink-550 285
1 00286U 00000ABC 00001.00000000  .00000000  00000-0  00000+0 0    09
2 00286  60.0000 300.0000 0000001   0.0000 310.0000 15.19000000    08
Starlink-550 286
1 00287U 00000ABC 00001.00000000  .00000000  00000-0  00000+0 0    00
2 00287  60.0000 300.0000 0000001   0.0000 330.0000 15.19000000    01
Starlink-550 287
1 00288U 00000ABC 00001.00000000  .00000000  00000-0  00000+0 0    01
2 00288  60.0000 300.0000 0000001   0.0000 350.0000 15.19000000    04
Starlink-550 288
1 00289U 00000ABC 00001.00000000  .00000000  00000-0  00000+0 0    02
2 00289  60.0000 320.0000 0000001   0.0000   0.0000 15.19000000    09
Starlink-550 289
1 00290U 00000ABC 00001.00000000  .00000000  00000-0  00000+0 0    04
2 00290  60.0000 320.0000 0000001   0.0000  20.0000 15.19000000    03
Starlink-550 290
1 00291U 00000ABC 00001.00000000  .00000000  00000-0  00000+0 0    05
2 00291  60.0000 320.0000 0000001   0.0000  40.0000 15.19000000    06
Starlink-550 291
1 00292U 00000ABC 00001.00000000  .00000000  00000-0  00000+0 0    06
2 00292  60.0000 320.0000 0000001   0.0000  60.0000 15.19000000    09
Starlink-550 292
1 00293U 00000ABC 00001.00000000  .00000000  00000-0  00000+0 0    07
2 00293  60.0000 320.0000 0000001   0.0000  80.0000 15.19000000    02
Starlink-550 293
1 00294U 00000ABC 00001.00000000  .00000000  00000-0  00000+0 0    08
2 00294  60.0000 320.0000 0000001   0.0000 100.0000 15.19000000    06
Starlink-550 294
1 00295U 00000ABC 00001.00000000  .00000000  00000-0  00000+0 0    09
2 00295  60.0000 320.0000 0000001   0.0000 120.0000 15.19000000    09
Starlink-550 295
1 00296U 00000ABC 00001.00000000  .00000000  00000-0  00000+0 0    00
2 00296  60.0000 320.0000 0000001   0.0000 140.0000 15.19000000    02
Starlink-550 296
1 00297U 00000ABC 00001.00000000  .00000000  00000-0  00000+0 0    01
2 00297  60.0000 320.0000 0000001   0.0000 160.0000 15.19000000    05
Starlink-550 297
1 00298U 00000ABC 00001.00000000  .00000000  00000-0  00000+0 0    02
2 00298  60.0000 320.0000 0000001   0.0000 180.0000 15.19000000    08
Starlink-550 298
1 00299U 00000ABC 00001.00000000  .00000000  00000-0  00000+0 0    03
2 00299  60.0000 320.0000 0000001   0.0000 200.0000 15.19000000    02
Starlink-550 299
1 00300U 00000ABC 00001.00000000  .00000000  00000-0  00000+0 0    06
2 00300  60.0000 320.0000 0000001   0.0000 220.0000 15.19000000    07
Starlink-550 300
1 00301U 00000ABC 00001.00000000  .00000000  00000-0  00000+0 0    07
2 00301  60.0000 320.0000 0000001   0.0000 240.0000 15.19000000    00
Starlink-550 301
1 00302U 00000ABC 00001.00000000  .00000000  00000-0  00000+0 0    08
2 00302  60.0000 320.0000 0000001   0.0000 260.0000 15.19000000    03
Starlink-550 302
1 00303U 00000ABC 00001.00000000  .00000000  00000-0  00000+0 0    09
2 00303  60.0000 320.0000 0000001   0.0000 280.0000 15.19000000    06
Starlink-550 303
1 00304U 00000ABC 00001.00000000  .00000000  00000-0  00000+0 0    00
2 00304  60.0000 320.0000 0000001   0.0000 300.0000 15.19000000    00
Starlink-550 304
1 00305U 00000ABC 00001.00000000  .00000000  00000-0  00000+0 0    01
2 00305  60.0000 320.0000 0000001   0.0000 320.0000 15.19000000    03
Starlink-550 305
1 00306U 00000ABC 00001.00000000  .00000000  00000-0  00000+0 0    02
2 00306  60.0000 320.0000 0000001   0.0000 340.0000 15.19000000    06
Starlink-550 306
1 00307U 00000ABC 00001.00000000  .00000000  00000-0  00000+0 0    03
2 00307  60.0000 340.0000 0000001   0.0000  10.0000 15.19000000    03
Starlink-550 307
1 00308U 00000ABC 00001.00000000  .00000000  00000-0  00000+0 0    04
2 00308  60.0000 340.0000 0000001   0.0000  30.0000 15.19000000    06
Starlink-550 308
1 00309U 00000ABC 00001.00000000  .00000000  00000-0  00000+0 0    05
2 00309  60.0000 340.0000 0000001   0.0000  50.0000 15.19000000    09
Starlink-550 309
1 00310U 00000ABC 00001.00000000  .00000000  00000-0  00000+0 0    07
2 00310  60.0000 340.0000 0000001   0.0000  70.0000 15.19000000    03
Starlink-550 310
1 00311U 00000ABC 00001.00000000  .00000000  00000-0  00000+0 0    08
2 00311  60.0000 340.0000 0000001   0.0000  90.0000 15.19000000    06
Starlink-550 311
1 00312U 00000ABC 00001.00000000  .00000000  00000-0  00000+0 0    09
2 00312  60.0000 340.0000 0000001   0.0000 110.0000 15.19000000    00
Starlink-550 312
1 00313U 00000ABC 00001.00000000  .00000000  00000-0  00000+0 0    00
2 00313  60.0000 340.0000 0000001   0.0000 130.0000 15.19000000    03
Starlink-550 313
1 00314U 00000ABC 00001.00000000  .00000000  00000-0  00000+0 0    01
2 00314  60.0000 340.0000 0000001   0.0000 150.0000 15.19000000    06
Starlink-550 314
1 00315U 00000ABC 00001.00000000  .00000000  00000-0  00000+0 0    02
2 00315  60.0000 340.0000 0000001   0.0000 170.0000 15.19000000    09
Starlink-550 315
1 00316U 00000ABC 00001.00000000  .00000000  00000-0  00000+0 0    03
2 00316  60.0000 340.0000 0000001   0.0000 190.0000 15.19000000    02
Starlink-550 316
1 00317U 00000ABC 00001.00000000  .00000000  00000-0  00000+0 0    04
2 00317  60.0000 340.0000 0000001   0.0000 210.0000 15.19000000    06
Starlink-550 317
1 00318U 00000ABC 00001.00000000  .00000000  00000-0  00000+0 0    05
2 00318  60.0000 340.0000 0000001   0.0000 230.0000 15.19000000    09
Starlink-550 318
1 00319U 00000ABC 00001.00000000  .00000000  00000-0  00000+0 0    06
2 00319  60.0000 340.0000 0000001   0.0000 250.0000 15.19000000    02
Starlink-550 319
1 00320U 00000ABC 00001.00000000  .00000000  00000-0  00000+0 0    08
2 00320  60.0000 340.0000 0000001   0.0000 270.0000 15.19000000    06
Starlink-550 320
1 00321U 00000ABC 00001.00000000  .00000000  00000-0  00000+0 0    09
2 00321  60.0000 340.0000 0000001   0.0000 290.0000 15.19000000    09
Starlink-550 321
1 00322U 00000ABC 00001.00000000  .00000000  00000-0  00000+0 0    00
2 00322  60.0000 340.0000 0000001   0.0000 310.0000 15.19000000    03
Starlink-550 322
1 00323U 00000ABC 00001.00000000  .00000000  00000-0  00000+0 0    01
2 00323  60.0000 340.0000 0000001   0.0000 330.0000 15.19000000    06
Starlink-550 323
1 00324U 00000ABC 00001.00000000  .00000000  00000-0  00000+0 0    02
2 00324  60.0000 340.0000 0000001   0.0000 350.0000 15.19000000    09
